leg:
  mass: 0.02022
  com: 0.00027 0.00 0.07228
  inertia:
    xx: 0.03616591
    yy: 0.03614791
    zz: 0.00024062
    xy: 0.0
    xz: 0.00022429
    yz: 0.0
body: 
  mass: 0.26474
  com: -0.00048 0.00 0.05443
  inertia:
    xx: 0.21695577
    yy: 0.20244955
    zz: 0.11643884
    xy: 0.0
    xz: -0.00914748
    yz: 0.0
reactionwheel: 
  mass: 0.01593
  com: 0.00 -0.00523 0.00
  inertia:
    xx: 0.00014263
    yy: 0.13073988
    zz: 0.13078638
    xy: 0.0
    xz: 0.0
    yz: 0.0
propeller:
  mass: 0.00046
  com: 0.0 0.0 -0.00038
  inertia:
    xx: 0.00000145
    yy: 0.00007593
    zz: 0.00007645
    xy: -0.00000065
    xz: 0.0
    yz: 0.0
