leg:
  mass: 0.02022
  com: 0.00027 0.00 0.07228
  inertia:
    xx: 0.03616591
    yy: 0.03614797
    zz: 0.00024062
    xy: 0.0
    xz: 0.00022429
    yz: 0.0
body: 
  mass: 0.27784
  com: 0.00126 0.00 0.05423
  inertia:
    xx: 0.21906944
    yy: 0.21311475
    zz: 0.12688144
    xy: 0.0
    xz: -0.00301217
    yz: 0.0
reactionwheel: 
  mass: 0.01230
  com: 0.00 0.00 0.00
  inertia:
    xx: 0.00011185
    yy: 0.05560274
    zz: 0.05563341
    xy: 0.0
    xz: 0.0
    yz: 0.0
propeller:
  mass: 0.00046
  com: 0.0 0.0 -0.00038
  inertia:
    xx: 0.00000145
    yy: 0.00007593
    zz: 0.00007645
    xy: -0.00000065
    xz: 0.0
    yz: 0.0

# m